0.2792413432035464,-0.10155290112475102 -0.2792413432035464,0.1015529011247509
-0.02501809481767614,0.34889879049517847 0.31714723255751953,-0.19112982481166707 -0.2921291377398435,-0.1577689656835114
-0.3665204691968048,-0.10052341916812313 0.2835081238971092,0.1554032810214916 0.2014030602006891,-0.33677924325074804 -0.11839071490099351,0.28189938139737947
0.24947899072273177,0.2534719788997728 -0.4126757712722728,0.31388713034266924 0.37824394417587975,-0.14711440323821057 -0.18966981744086758,0.011784660302125771 -0.025377346185471106,-0.43202936630635724
0.02248827886398963,0.146326550412179 -0.37462844449350663,0.4788142681340638 -0.023526069619183354,-0.365046070843294 0.4773388892029563,-0.20749038920179397 -0.40863448715135176,-0.3337142944682384 0.3069618331970959,0.2811099359670839
0.42708215155291973,0.07499299010027011 0.21658738257811838,0.32248418384506333 -0.28214789503038373,0.10854839452075021 -0.41817648959943254,0.44974214517364125 0.44731855779959084,-0.4482844928993798 -0.007713586275197359,-0.23755335474759182 -0.3829501210256153,-0.2699298659927531
-0.01261907420399222,0.4551204301117235 -0.21873700116932926,-0.2895145310137342 -0.2801198628364997,0.06751159171095195 0.3075752778934914,-0.13525701740669743 0.2555309255642809,0.20032509107776358 -0.484203737722263,0.48871160582267187 0.37064698089356474,-0.4258082038067916 0.061926491580747256,-0.3610889664958879
-0.034457245539094794,0.4323619489255785 0.3226212020479813,0.4897572423295719 -0.30180462286470056,0.1835398454037816 0.3617043497457616,0.03420524370225336 -0.15450501322630672,-0.37511089125506986 -0.4680166958958317,-0.44950192671969463 -0.031023685517349464,0.10249179900663913 0.008022816425827917,-0.14889391805392677 0.29745889482371235,-0.26884934333913296
0.3513411545186016,0.17782218347324386 -0.2567621897584299,-0.15707599895731195 -0.11722161412692045,-0.4681921550272292 -0.0782479108007873,0.407375317738664 -0.061607600288840936,0.12160801072026795 -0.3316174932494581,0.3871898627506333 0.406333362682903,-0.3723181101223587 -0.36274343363431594,0.11436554338517091 0.06596989773120698,-0.09081634139991401 0.3845558269260422,-0.1199583125611654
-0.30407792734785266,0.23635592544898504 0.016203150209600503,-0.021927599287372812 0.4142175792019317,0.35961397641433085 -0.2160591782036385,-0.3417353742111822 0.44333242520414495,0.05941239303663487 0.4678344470476593,-0.3551347483054316 0.2627884324444152,-0.46737521498174367 0.061098288963355674,0.2761267924262865 -0.445880502562258,0.42673327395212884 -0.2173752589102047,0.02251370944589709 -0.48208145604715347,-0.19458313393853205
-0.34519318734791754,-0.0106407852393684 0.31604267689967497,0.06876318911859303 -0.03205853700948674,-0.18421585370670068 -0.05831529863435142,0.37945246598334437 -0.3454798606873765,-0.31808392990729684 0.22835431660322597,-0.47484567687913126 0.38861326821010794,0.3372713926943598 -0.4701168161327744,0.4224648743808256 -0.11096795628877759,-0.44358360615981995 -0.24092950607783675,0.21019386820408237 0.4839967532254201,-0.23482099311646099 0.18605414724009234,0.2480450546275731
0.40332113485768883,0.382853277708309 -0.38264309312577294,0.13583368936720175 0.4638479638013546,-0.46161765026022483 -0.272202116153643,-0.4024897263962839 0.16353196978974205,-0.34217758159584233 -0.028881391996604555,0.48329217649812606 0.24637814918654044,0.11375496329457768 -0.15972715210627242,-0.2218060132312898 -0.021216178115233797,-0.06207434220757113 -0.1125322512966056,0.1940677195692475 -0.06067136765197134,-0.47508271496017285 -0.3433211704568233,0.3711030596984791 0.10411550326760122,0.2843431425154438
0.01425930574812706,-0.07527744653122204 -0.4149254397210377,0.29837347210086596 0.4904086243570831,0.18071473390493709 -0.40574801145072215,-0.44081679040287514 -0.0026901625616755354,0.16790452952300816 -0.2556181182700159,-0.12655930784833214 0.3106123878378624,0.062400866627046025 -0.021670015052790315,0.43701611120680495 0.025202903212240946,-0.45742129191533853 -0.19972830682974296,0.2120335953681045 -0.46776822668119444,-0.03423048072074408 0.3050507957428089,0.38819704118462295 0.4089805962437453,-0.4211821171492566 0.2136336674253112,-0.19115291534762158
-0.4676379040440519,-0.12914631079662575 -0.23358629033021716,-0.45303938499456153 0.011016854258359743,-0.1653526583540882 -0.2490518892996677,-0.01027916735518053 0.23106130763901434,0.09744492681895711 0.3948308836012089,0.4207263447167192 -0.015213321446479466,-0.4999854658159084 0.1588100413522382,-0.38170295649685426 -0.45689506552157333,0.21713174417468584 0.05568033880216794,0.2786466522345773 0.46417213140725155,-0.14305768559658139 -0.11106925113599797,0.4220542317143766 -0.21917529781872802,0.21040880988786648 0.46306974898523645,0.05317221035300623 -0.026012286448762523,0.0829787095096115
0.05915471054282562,-0.3855415856752581 -0.14245151454609917,0.43417974017277616 -0.2916912375769717,-0.4962489994422178 0.3897753290953959,0.49095235285157124 -0.22456819247546245,-0.07594345245294776 0.07118980535793218,-0.03179749195661463 -0.4011335047955129,0.29036810109471256 0.33729262890862055,0.25739235406945715 0.30357179543970547,-0.39468630885315237 0.17925461587176905,-0.23196562495721806 0.04570911761371588,0.4651855845264734 -0.19606285392453293,0.15285748699804802 0.42313101684332577,-0.19668239683225153 0.2355749929190354,0.08320045105312779 -0.28999411652805385,-0.2807330794519719 -0.49875259274569306,-0.08053713114453265
0.18579351216114182,-0.4737028295599538 -0.24507078275243976,-0.2707697377921662 0.0653553621739843,0.04055868436865695 0.048812555145237524,0.29036468744033606 -0.39412835952014114,0.27341567956022517 -0.07610859979510354,-0.1752494167122982 0.435907309824652,-0.13329285176561012 -0.15222184127186844,0.3049974988161055 0.3762030887628145,0.3978091220850428 0.35175154931269814,0.13495388673949527 -0.018035308447554188,-0.3958626769191862 -0.3868594935670512,0.08149849340494764 0.3999010131299997,-0.38654814089938616 0.15753112256428914,-0.16707916561140013 -0.37778360573951153,-0.1134176082520002 -0.10546238948945308,0.12467349766016389 -0.2655851324916938,0.4676508774370295
0.465740310735105,0.33395575755077944 -0.1293713171986719,-0.4921417723914836 0.2863744323872983,-0.44875040951114964 -0.03292943332893172,0.264369018950145 0.16463761645760255,-0.07802291789719029 0.4074983619481112,-0.23339148842961654 -0.43484804185643455,0.25462182668274136 -0.1644493393117834,-0.2640489536027034 -0.18961315660657674,0.3937626476132505 0.10387227406984645,-0.24926905342906258 -0.19110960522241316,0.03303525496413506 -0.42110656020529613,-0.08417049790982334 0.4309126281662571,0.13470389213728762 -0.41219059650495515,-0.27419227753006237 0.24080934747115756,0.41389064094760253 0.1550205069875228,0.1967608575185824 -0.012599448633988874,-0.09945849840081589 -0.2666479793538482,0.19834597273738508
-0.23227730155194115,0.29672297767087996 -0.44384843756394377,0.09447465944336852 -0.12328946053622625,-0.4437013323921398 0.2293481335815627,0.327931137816005 0.43748084065048864,0.15395903593399785 -0.05482790475802135,-0.04208221192969319 -0.31839123991466967,-0.045685073306156454 0.06700218799944058,-0.22028570647325207 0.11705350538512238,-0.4258684967463947 -0.38314913236076686,-0.21474667823691507 -0.4717033419460771,-0.37191058558868584 0.3996265934112624,-0.4260185882837584 0.23605041523877646,-0.06839296227480463 0.4844785211931333,-0.22056253479453136 -0.3604973755043863,0.42629847449512503 0.4901303260889641,0.410828776171019 -0.1769572167363137,0.09228793326754825 0.021287540527710425,0.473271724245504 0.08248334679588498,0.20347945098288445
-0.12546201697343595,0.22486733024977068 -0.06068297586471272,-0.14338796551106592 0.23123468010844883,0.34384752802558416 -0.3545818166926006,-0.4987616307153847 -0.22269693840215277,0.07898884370714654 0.23806109954153953,-0.1815492791947858 -0.3274087880912617,0.27737931481779043 0.38401794289843594,0.17917216192064156 0.4705232098894109,-0.38880832914272845 -0.4029957354533412,-0.16364752776323133 0.106210313137587,-0.4745255644986994 0.4508252222789261,0.4555733253673362 0.19701149808569074,0.14100581564245085 -0.1943147082445399,0.3896716610040223 -0.4439548095338153,0.09204074482923918 -0.29432294823904814,-0.3188648903208062 0.41448022561127784,-0.1567069422746371 0.3176416834334628,0.014847929558399975 -0.01085993762798343,-0.3253133652414969 -0.3727251998618877,0.4541708395404528
-0.42297145627415955,-0.11196489427748058 0.34932358645934725,-0.22785575486602594 -0.1311242481135647,0.003371260196597059 -0.32569404657800727,0.173164508561076 0.21315960237770437,-0.35942446443922516 0.4641517006705057,-0.4635259078773837 0.48728235565935984,0.24634427010447713 -0.2492205177297223,-0.33938065759038716 -0.16218803106073654,-0.19497027127127642 0.17507602340523054,0.45975054521478664 -0.0513971119379909,-0.40833844496306715 0.03000016991507537,-0.18584675522259242 -0.09361743929840805,0.35918734825387766 0.09643695933607266,0.25632868762432437 0.1794109842962095,0.0816695282299128 0.42954861745201434,-0.011548004341730533 -0.4798221964299417,-0.42144319155883603 0.40573492987447224,0.44913237660000394 -0.05708799394128228,0.16059858430810603 -0.3882794589439884,0.4876968697677667 -0.46872242913819095,0.04705436754707626
0.3745934503211583,0.3876961535455148 0.21093577863420931,0.47913058523753227 -0.25880572204226737,-0.1741929679186286 -0.4680769695357331,-0.15389395864447908 -0.09165550905297404,0.21669057474589615 -0.42780929357766384,-0.4834985326839816 0.4650165448078436,-0.24692621724239694 -0.22617837268106789,0.34651010836580476 -0.17368402744390832,-0.4003281860611777 -0.46790230569494573,0.41796870120995355 -0.3747660846331017,0.13208073250621388 0.1372000411466322,-0.4203852581749654 0.35299001820978304,0.17619073158187448 0.006097339310891958,-0.07339552762460111 0.08418462367150792,0.12374261010686682 0.3115326538896229,-0.0290478477329994 0.341548676716228,-0.4597212568567418 0.01018433462636259,0.4357003033945952 -0.2704234825389221,0.007831881423578602 0.1957259557902633,0.28726828682513683 0.024429837917916863,-0.28886069123256664 0.2448625121581648,-0.2805602247704253
-0.21112749632265282,0.45404335244810745 0.39398191305924846,0.17625573606399114 -0.05547906555623894,0.3847068227199607 0.40237009278366465,-0.38871905249862104 0.32701266613329116,-0.012450136458937 0.1452853765122195,0.35286653093776565 0.053110795857383764,-0.28319606358584337 0.14408031151530942,0.02075519444170748 0.27449713139993115,-0.22219936970361276 -0.4951394341485149,-0.43206039721386036 -0.19043907170023333,0.11769982901922416 0.29473522240940286,0.44326105589531006 0.4374005068188551,-0.13721462282885954 -0.12485534679056676,-0.2877102808725215 0.4439531257129552,0.37766218252297157 -0.1166907138056863,-0.1086180491417682 -0.41742944628181,-0.21361927338582787 0.11912410192926126,0.18328184103110567 -0.3291395142461929,-0.4849381495926427 -0.3471836025378866,-0.047495945571801146 0.08003371634280065,-0.4567946427709081 -0.385916598025166,0.11776441181357078 -0.4421846710593774,0.44671902673148844
0.09959133486420157,-0.13819499503430843 0.06126438995736949,-0.43902769580822365 -0.36914368411707044,-0.11775794532009054 0.02556863280071142,0.46339653285639104 0.38888945488103865,0.18068611192275952 -0.3610994588864669,0.44897631576603725 -0.12969559621812188,0.2496978600097316 0.31269687660286116,-0.03403273516071759 -0.4213747378760474,0.14971037384828734 -0.08726313406892017,-0.30020827821506924 -0.13899179422165064,-0.01865885511208798 0.29334330475621584,-0.4317059762608553 0.17207907699326874,0.21881431300439125 -0.019417516251728717,0.1349738661803973 -0.4761478869157193,0.33994366142515264 -0.20824530854842283,0.41631391166607246 0.2737544030594863,0.4591516187567838 -0.4017993862888317,-0.46962174168643966 0.46527561807093754,-0.15636486965559027 0.4354297566169615,0.41905594807403646 -0.17637079979322234,-0.4318526495899928 0.20640995968005182,-0.30274238492679406 -0.38550978981142703,-0.31046173951759615 0.44075628471452377,-0.330090647222273
0.24327653805353344,-0.016064706947890528 -0.3751542218000654,0.16810103454304892 0.4134840796594844,-0.22583983335692603 0.4636352819223657,0.3361126338277245 -0.09935596543348557,0.4432410953971391 0.27450339111858,0.38118673559568383 0.4452205778734174,0.1612627421159154 -0.34959078289103684,-0.11875472316955216 0.19341934482516077,-0.4931424259952185 0.06125722897128005,-0.12572673051472016 0.4373283061952409,-0.4039719930134136 -0.12869324858437592,0.17867999879411167 -0.2657528952650018,0.054523806149445964 -0.4323409378140386,-0.4566180218485405 -0.07623497138105528,-0.4395793479626142 -0.2271125949482058,-0.47144396494988616 -0.10272213568314403,-0.1837512394665468 -0.4617694608013726,0.36324728616829927 0.05096749180608329,0.2793651665042407 0.06436151113951838,0.09661542075645069 -0.0809275639542485,0.020430935550967422 0.20138094835881792,0.16184148852097946 -0.4421614412503755,0.0011120028298140516 -0.2291089747645655,0.35470618900719364 0.4220904946474876,-0.06553354853570403
0.0873377052882926,0.14673417811053902 0.43559245600817215,-0.4684679659142301 -0.39811068893256724,-0.1493246278824527 0.3963165443773578,-0.22479072429685398 0.17426919616008923,0.43993902499203785 -0.4779795817998604,0.49546354439010354 -0.1936722608193045,-0.07792537855843407 0.4188171431828333,0.48140844486189516 -0.21120014169480156,-0.38865874080047147 -0.14885578691151008,0.4164007652056393 -0.021947220963599967,-0.10500726511150038 0.09086435653048325,-0.4695070219614872 0.24272056520460877,-0.4637721233063976 0.4208164645084403,0.1055041910775244 -0.06832727419694812,0.19978081167802286 0.11825721394911909,-0.04749306012606991 -0.27544866574751475,0.10922243898831485 0.22187916006422642,0.061108715279227344 -0.48152455892212537,0.22309778733112706 -0.43455967332583817,-0.3371334813628879 0.037189161038938934,0.3114486876771233 0.3613415267921896,0.25375271653106357 0.01793148327366595,-0.29970176061893705 -0.370552630081675,-0.4806098400198251 0.4157702993717813,-0.06265082412036183 -0.35692479235445623,0.3311815079572866
0.3545667842808331,-0.22867275738236426 0.32504925063395407,0.3134806977110197 -0.1838719770041195,0.3355292362618285 -0.3622935030562672,0.12191485351293885 0.4932517283784771,-0.10622895452740644 0.11669425064884542,-0.30306440416129776 0.05228327597912308,-0.15247318142645083 -0.15767514090823243,-0.26121100660885943 0.2845223344055857,-0.043774789961885774 -0.348061368998585,-0.47224750875283517 -0.4699048034547262,-0.2854569262567065 0.07567734807745996,0.0750996275528526 0.49131505829284106,0.15655284872948672 0.435549603773977,-0.3647731872238429 -0.19867838318276654,-0.025712007308072993 -0.4312228849016556,-0.01810041301591503 -0.27426614988062603,0.45500399382941326 0.10467671739719431,0.36167415362020416 -0.09380738675867939,-0.12828430996611184 -0.053645003147900105,-0.37473724120835017 -0.3537448985856758,0.308485921173853 -0.20520019293895742,0.12749923099367422 -0.038794667640579594,0.4649822119219611 -0.2891472391507056,-0.15985621467786437 0.20764714430764386,0.22728562828555088 0.4197005472439508,0.45563773226751425 0.09937955618959127,-0.47855323338233346
0.11439866858615433,0.2538556082356083 0.17287702349958756,-0.21281925285001907 -0.35209056227877233,0.35679941311148816 0.09198562471903637,-0.08637362274912658 -0.4834626270805945,0.16847604293129143 0.35298022408398344,-0.43419988170146223 -0.282177437471836,0.1755588879360856 0.43564679764540426,0.17029066493418316 -0.49726047545423446,-0.025569309548217067 0.17197411304552446,0.4871604753572056 -0.24949303711423354,-0.20272784170416586 0.28824478858855085,0.06001983944112482 0.4404084030983658,-0.047426665515166 -0.4467914588638391,-0.3803726610009594 -0.4047191762814626,-0.21197372382215512 -0.0825781844433986,-0.05470394873410139 0.3783446733868202,-0.28644885530203307 -0.047570276598698946,0.48791076072263523 -0.07694846245750686,0.19305225556505495 0.451631942462297,0.35949443182996793 -0.016608694761480525,-0.4137400267769708 0.32217177177429934,-0.13032357159371027 -0.08897388222145597,-0.20506801465452612 0.27688673258486796,0.3119295777593473 -0.20525593664055175,0.4537919716424838 0.17496777623071103,-0.45483502198268183 -0.19909796729075335,0.04095028761115155 -0.23949036074678443,-0.37270781914233647
-0.461468612681186,0.1910611904173911 -0.32756759485061415,-0.4847735231000335 0.04669819438370948,0.272429578421281 0.19436138336620346,-0.337720350381028 0.4967714372147991,0.00035163559785811316 0.2292733412976231,-0.0174519035813383 -0.009167723150971918,0.45433448429985024 0.16188745367494162,0.41916647162134946 -0.3128092242647982,-0.21541901321940182 -0.4091545392886137,0.008602078478168962 0.3207113440246453,-0.1391251613949216 -0.18760878188690167,0.13805316288415537 0.4354487958747343,-0.25077829118608796 -0.17207924357187476,0.30204338675757536 0.13256746048098833,0.11123852757264374 0.3637921328573118,-0.40566110372320485 -0.2650044317636746,-0.055338439617650725 -0.45724423525197777,0.3385173551900542 -0.016780282565062032,0.045671821581210414 -0.07064953718957623,-0.16385954677387504 -0.4480592172624177,-0.3583822441025474 -0.2089724149357145,0.4641349594517554 -0.05661489288099453,-0.368159977450207 0.4810284900117573,0.422614455140506 0.29138107432187976,0.14220514011260044 0.47892084314939665,0.27748376817217424 0.14909084968730468,-0.47709180551598496 -0.4773635689121928,-0.1728797711927783 0.09861150011127384,-0.14126688445951763
0.2576848068271323,-0.04903661192243547 0.288401433598003,-0.26490494504560547 -0.1256139057628775,-0.28368191530718956 -0.08543789364966264,-0.41509383293890056 0.050325328788769,0.11323823037028768 -0.38036778543401667,-0.06789542616914579 0.4125603871482509,0.2014095122806645 0.3603899154662675,-0.39499244840851266 0.35939790409477207,0.34754805899242114 0.49073129093960416,-0.02398408007783004 0.10390511820431297,-0.18923131820853878 -0.2224751020448355,-0.18016856631308475 -0.20472098921941512,0.21311254469743324 -0.1763965526572096,0.04502243138892226 -0.3390755770612118,0.24453445547510033 0.09510535563779471,-0.03602759433962888 0.0588961511237987,-0.45511487538773787 0.12313333074142224,0.33801693126958543 -0.29248493734357156,-0.42125297099968084 0.299413268527623,0.1020541470606573 -0.051371222345310275,0.30808734226392287 0.21200432875654512,-0.4295959445425649 -0.23690033104598268,0.35500896121178227 -0.43872019078665986,0.43074950181846894 -0.32118728466080054,0.0840297215928556 0.07017956867031377,0.4731365161192975 -0.06802363330744848,-0.060477582428771215 -0.24799939134511811,0.49327046935198393 -0.45209984625400795,-0.21342816577662183 0.46074645439351697,-0.26433254602713385
0.40731950124979655,0.09135624402910403 -0.29159808828846334,0.04679046602050607 0.49171949232693657,-0.13812481356979744 -0.34836083649316674,-0.42629049123877205 -0.23350431905890934,-0.28138456610043316 0.0535911937234429,-0.21503040515176552 -0.4649823753090099,0.002720869797317116 0.2340153368351049,0.28536702457186036 0.4807567982517388,-0.3380377952748752 0.1861266686313371,-0.04777688329915297 -0.4355395862254926,0.2010652198831162 -0.47246934277923536,-0.18272257721043883 -0.19736980280506444,0.30486473675006875 0.29799412737066866,-0.29776353795123156 -0.0034984637185738743,0.01411354873834636 -0.06415880158529952,0.4352519089170722 0.04658614662666283,-0.4150473816563267 -0.09122914440317564,-0.3368510999235803 -0.45000462506720496,0.4217963943336843 -0.19083361506045227,-0.13254883669278583 0.28808632584969796,0.4681101151467991 0.02044290573761054,0.23347468060730114 0.20981201871155453,-0.1937850480495752 0.21073569161576744,0.14109382557798966 0.3654444369973837,-0.04179069967759974 0.3822232242074235,0.36090827962448946 -0.4739148472342982,-0.32325600527866216 0.3376487934961464,-0.47359682379995227 -0.31257703501742795,0.38177010384922505 -0.13603481838287934,0.05614789134113163 0.15357303979738168,0.3991756556869376
-0.27354523770772926,0.22763565659427243 0.37242442843341134,0.4316997950075252 -0.28254894122307855,-0.21950184678729334 -0.005140030709474164,0.44347927066695325 0.2701811032694999,-0.2706650575713734 0.2877658205259898,0.2867595575814612 0.00782363625374799,-0.18514611135196424 -0.4463362662601587,0.2587797151583858 -0.06346859672706201,0.2371978196286374 0.07066959588926097,-0.02078289473915007 0.05794296046696085,-0.40725418304509664 0.22809366884173482,-0.404858516904833 -0.49286317889385783,0.4686093152497698 -0.32936926280475126,-0.38793846787637176 -0.028450379777402113,0.07962898533280316 0.4055916685263105,-0.30077213046110185 0.43046635497082014,0.20285507055334262 0.20020270292940384,0.4006955964597647 -0.1442676577353989,-0.3294048177190074 -0.29621751110581046,0.38887529877776106 -0.4599421406067405,-0.0766604321434241 -0.39504309759878325,0.07933748168830435 -0.14993376181052404,0.4718982393188018 0.09275367499306292,0.1899269108120052 0.4198188607104368,0.04731307378467764 0.4594353511699342,-0.164805933708716 -0.15503091016270526,-0.11631971345498981 0.2762165531902077,0.06988212603362376 0.19046280825642686,-0.15347853533141032 -0.49103336777117007,-0.32474074241537154 0.35209298252567794,-0.4596751911501 -0.10875183005824002,-0.4625693379878876
0.2126029245849983,-0.10794612389447356 -0.4585779547586565,-0.274086670240542 0.4651582211955265,-0.12267329855164055 0.24599842948732165,0.2991985534112125 0.4587090257844689,0.30017306449348347 -0.3956460214895743,0.1863260130501786 0.06413141242753906,0.465272582450575 -0.030387510657334915,-0.2891543740189291 0.07047535660654425,-0.4743999819404765 0.35115718895327863,0.43283830801452283 0.2088424364594611,-0.26345396002561194 0.34698527031490756,-0.2977352083932173 -0.42274241386128375,-0.48573604487288324 -0.12525052286168092,0.18780632309829148 -0.08247331188333717,0.046907780647040376 -0.4041520098005005,-0.047593814370452736 -0.38230669627152936,0.4813278070999881 -0.17348559749730186,-0.2470385296239601 -0.21166780514753947,-0.45399949220784364 -0.1515155362680467,0.4312151686955905 0.4261089176538786,0.021670991704792253 0.05005535435275288,0.22850592024315053 -0.27618704777714653,-0.11884623788180715 -0.4861381539798897,0.35885996619437943 0.06411701166681416,-0.1437687002389253 0.1852607394151532,-0.40484540081840426 -0.3363317840323823,0.35037740225111336 0.48118192679994876,-0.39506021757748133 -0.26100847618889034,0.16974159712937176 0.21818574540971636,0.45644552978578157 0.32276960993771986,0.10494120202310142 0.10948962090925474,0.10265883242933704 -0.08335834948419263,-0.4979289880652641
0.10059683520027218,-0.46848071182628725 0.35988193893358333,-0.027452192039052137 0.2653618844666422,0.44257308786500227 -0.346745408762833,-0.37821149320084646 -0.22959759392099321,-0.4410709967194867 -0.37931154035409487,-0.11750750478702487 -0.49473116668202377,0.21166311129671267 -0.2683786886856391,0.4370355922147984 0.20166626148333266,-0.2640646903346965 0.22058339951027217,-0.02083851928234315 -0.24199179988148511,0.30483090103090804 0.06719862311937974,-0.07294707785104204 -0.4698825844227863,0.45650999309587315 -0.2378156895920126,0.039219388317193515 -0.2414282213627611,-0.26445393938085204 0.06550944040248463,-0.22582526852056728 -0.46850040048138275,-0.46430604595390246 0.3455648083114967,-0.26258386450343163 -0.06412684645195332,-0.4191733041077116 0.25216448848999695,0.11293377618756295 0.0952146192017923,0.10330963385513736 -0.12102140341029488,0.13848787791625017 -0.05288166758345991,0.2831019380453491 -0.1642069990835412,-0.11754408354576984 0.4166220158412912,0.3348672707694459 0.47387743508341906,0.09507363505201927 -0.08945120861246048,0.4154743027937219 0.11641793766214015,0.3071274337898756 0.44586449561868824,-0.4141787547443415 -0.45650012323163036,0.0593190590711391 0.0677210413547874,0.48772548819524864 0.2780776078125272,-0.40737561438738723 0.2703234899023462,0.27180821654042175 0.2839250201248984,-0.1350466448519172
0.0839636108007269,-0.46980367573502796 0.497098932838523,0.3106627483467103 -0.2309666104151954,0.299490677529964 -0.2987365841274484,-0.18119597855573716 0.3997677512243547,0.004659012774315963 -0.15600499726028694,-0.24852235115350468 0.0868177595049976,0.08426537908070625 0.2530337663694042,-0.2163581687369242 -0.189486487324516,-0.43660117021064476 0.4952970504801091,0.16109742659439868 -0.39477791104014803,0.25197494032563245 -0.26123274089813253,0.46995011734230324 0.38840130930743855,0.48349655090755067 -0.23916386930813593,0.11913663534922131 0.10334000016846401,-0.2661859613229675 -0.13133225808903248,0.004773305687748308 -0.0019550932283028954,-0.1325450824287882 0.06718950381781874,0.38241124844029467 -0.054288931543703844,-0.44007598410595866 0.3795469390225098,-0.29742510780221304 0.32487152867728697,0.28110259899610696 -0.43143844450353064,0.49046892083634747 -0.472896408396141,0.14128295520119755 -0.47856808445267673,-0.1279674476813179 -0.48271567904487545,0.0022864788112784695 0.25164500669653833,0.04869719748022577 0.22186033594500043,-0.34530746551184205 -0.3293774537016949,-0.37681251644012786 -0.09269055288166139,0.3987319992293991 0.20628011730441131,0.36935115330759055 0.3759507317755276,-0.1589545081476183 -0.4783623730561093,-0.31361479477244586 -0.018817538451423865,0.23981774959230256 0.4132548319601751,-0.4524736219287922 0.19449284182973203,-0.07981326129938032
-0.1962440026340203,0.39937922259179126 0.3740630342049931,0.39510628041934726 0.3213488384564981,-0.18197076540697132 -0.09752146355960689,0.4870502238850538 -0.2203342809047495,-0.04582881925542903 0.15664581900082186,0.024039591566127227 0.28288983881246166,-0.4996546494930496 -0.3295553403406648,0.1330661048794517 -0.4479929626039113,0.1836989424133184 -0.41230504562215964,-0.4692023652363533 0.4942247883352303,-0.4656998554137314 0.05210659126820727,0.4091707831606003 0.34593899492141844,-0.3620860515883575 -0.061789709555776784,0.1856504510046043 0.23274508246159442,0.32431796188035034 0.4090373269109022,0.20978559964869004 -0.0007315338695262907,0.03131061213461006 -0.2679759159375771,-0.4920058156637892 0.0036959876903599476,-0.4547854492693305 0.45186867053492885,-0.06837825481883597 0.30320320572926995,-0.007925517748890942 -0.3289755961780165,-0.34799474779514716 0.1753921355685677,0.43916630131834233 0.01781227798763163,-0.27747429235303744 0.10554717392543234,0.19131034353898368 0.11446765525023206,-0.19045279784218994 -0.20900995324163574,0.27327775979426505 -0.11485937712509964,-0.1726286015943732 -0.48256844517965514,-0.01178495436782978 -0.4769777791857446,-0.16185197901344006 0.49139653454667165,0.332131260631193 -0.1909876324488804,0.09465521628175377 0.4674505133205441,-0.2589268206481986 -0.39135502649112675,0.3011521494787125 -0.46360649749371186,0.4411558844136131 -0.10704390655390328,-0.386772951531853
0.27287398246827377,0.1571610625791543 0.35936174217711403,-0.4579090534728706 -0.19487060667471678,-0.4199219973350904 -0.12091048420368433,0.27739087595154843 -0.3587944227235328,0.016534266845153578 0.16601769660742083,-0.40408774487616816 -0.05977365848098115,-0.31908159381003387 -0.2602268498386424,0.13429910431264092 0.3827360598673789,0.3307020021046534 0.43261891565077426,-0.26153865463152326 0.29567250337917206,-0.19766583099487778 -0.4448428835134407,-0.2582024602453745 -0.3381968069890887,-0.46766804604223955 0.1004693187993172,-0.14210381584330678 -0.2773313446253991,-0.13847696510818908 0.25339401725242416,0.4684843506314731 -0.04911810257078053,-0.0941697649929859 0.18849603187440211,0.0013529189299406053 -0.36295868523698094,0.20733907648587202 0.1811330875211048,0.3167346107554855 0.36728199236264514,0.05236410264385849 0.4868527683508994,0.1317273506218598 -0.28156297603871205,-0.30851175349567383 0.44600371865455335,-0.05378659773211747 -0.11048101497743557,0.12358086970642312 -0.22270200166557041,0.41867746200075484 0.009743517081839626,0.4748783407102719 -0.4944518311101914,0.23425559843254506 -0.4736348696025128,-0.02946899093122224 0.4797979779589847,0.4608756833472407 0.18656545755495368,-0.2720244847586897 -0.35298645813914775,0.4021481514451132 -0.4980887953610049,0.36183920534774716 -0.04593425239158844,-0.45991938877849503 0.4849623369663366,-0.38675988244142856 -0.0017560955351269003,0.31872927052006217 -0.14535898484905696,-0.21777727788151757
0.07045721320762388,0.42992972847621935 -0.19710741420653333,0.29017653977035696 -0.4439905609137158,0.021241296423408218 -0.200037883349665,-0.3592362457578575 0.18987002948153975,-0.4238281060222193 -0.4059986101460441,-0.28156441766252305 -0.2904238722630079,-0.05949166893898927 -0.057885173566384895,-0.46819581177643954 0.22982947243093954,0.17786787534727488 -0.01633240459359675,0.27779239906996434 0.450453545540646,0.4856698922074705 0.33429120057408435,0.439063201018449 -0.45867850235968033,-0.41081096357792013 -0.44814555602171313,-0.1114520303977754 -0.4266480545142032,0.28423366808475636 0.48969993113063304,-0.4635880937004281 -0.2121265054094853,-0.48777797304899406 0.34898055791925275,-0.33716544651087377 0.06783418298358646,-0.12846348963992227 -0.1617860764911101,-0.0525088722965954 -0.31398869399404217,0.15595802869826292 0.34023797047112847,-4.804397815139083e-05 0.37817930898184904,-0.13686968494620555 -0.14419032529393871,0.4699074594072553 0.1850272044713216,0.37980490646318366 0.07300847662880428,0.009203612672312844 0.4430223503146986,0.2938223876801268 -0.47636511020165107,0.40608780616066686 0.4913202789433052,-0.23397204994110965 0.0972919443126149,0.14297222413732347 0.1694709577368516,-0.20659876671798583 -0.07985439862574872,-0.27266652545376324 -0.30669896314694545,0.4952823645293052 -0.04682672549237288,0.14451675471998215 0.4639213322026864,-0.02721352736623006 -0.2715212185642235,-0.22875412746865864 0.47203265394745364,0.17232348322069158 -0.33632256212495504,-0.3856477828843654
-0.2589669874428424,-0.4815745336906294 -0.1384071698960463,0.4900323841383969 0.48237043542799674,-0.4932077867466944 0.10174762378215985,0.330437832032185 -0.04671107512043704,0.22123292313747556 -0.22567983633872002,-0.3416582190165319 0.11019028397084729,0.1864520709941001 0.48296936998985507,0.14443607379317325 0.32972043554738617,0.268986228076433 -0.37029372888744183,0.07918751800934787 0.2970868926119392,-0.15631234204283428 -0.4764855419624636,0.38312833887370146 0.3136454669596376,-0.3874491846583271 0.4367395371409908,-0.3522804243010941 0.4878697664614533,0.35442768636406197 -0.4289766846684496,-0.20345106830230286 -0.0696221455974031,-0.15573954646090404 0.012426827342330693,0.4784555472123079 0.36850091291061005,0.4332681037925067 0.3441761927252953,-0.020140259328680132 -0.10470085887833758,-0.38686109351994624 -0.14662107713986117,0.045305940264451894 -0.25510569306476305,0.3055903337551906 0.2325422292458883,0.46200941052789224 -0.18174999679882398,0.16085661001883955 0.42646866745140855,-0.12802957361144296 -0.41171114994413005,-0.4740603821312568 0.013188680406232556,-0.012993604735213937 0.18049221723229336,-0.20409533565218307 0.13654015047925494,-0.38402643425272653 -0.38396069523625875,0.20283730251919485 0.059742399123988044,-0.2681539361180768 -0.30192118576612226,-0.2323531312311896 -0.3118497310052276,0.4553806721108006 0.19797347287082034,-0.009707726882684953 -0.29333639076043827,-0.07354445029360279 0.2819680462216626,0.15758942219341532 -0.47352410083261454,-0.055465308384212486 -0.41673555856166833,-0.3385100564529412
0.013103135373320973,-0.14350216810527971 -0.02616115414178366,-0.3692241812021745 0.08314702098973914,-0.005670679411857282 -0.28705794380403327,0.48671121205718837 0.2545013409583994,-0.2155069025104407 0.3332930427437313,-0.09355372102486581 -0.1636786976320188,0.4517737078997509 -0.027002999507507508,0.2149824562806122 -0.2705745789336933,-0.07758198066446964 0.19185862038797963,-0.3600228492949512 -0.2890155104982407,0.18169439603622695 0.04916482912668518,-0.2694837560960437 -0.21366250879118487,0.28720428579870516 -0.37701480088954353,0.3785305892261871 0.47371224203851847,0.1971761956996464 0.1456352992935851,0.2077547980236666 0.35766833925536246,0.05712562347260952 -0.4186378602805615,-0.22544892425263452 0.037615197870260464,0.4189594801849734 0.29119100106645746,0.3004352159660577 -0.12487995048971845,0.1260631257972581 -0.37221659812650176,-0.4721758616262486 -0.48677373919339695,0.014440299536557455 -0.3496558531319355,0.050958553649961824 -0.1295601470482487,-0.4861062707167072 -0.45106854551482134,0.15176716343401142 0.45479603290365245,0.4828443993996595 0.46824643779667074,-0.481656865466908 0.21985482818004765,0.10944202080659893 0.2514502250902615,0.48414679973803554 -0.22260030551288046,-0.3794221907681171 0.3467120550662086,-0.4593183393699992 0.4866203213920248,-0.15580311040312167 0.42044523564042136,-0.32458676853130863 -0.47922962050896245,0.44018942499442204 -0.11476708321819062,-0.1446496088735314 0.17573643535958428,-0.09972227193851013 -0.4871048225789304,-0.4024779042925708 0.45663700269538077,0.3225201561296763 -0.22072592342613628,-0.19880554958206775
0.49417477075728544,-0.06289553136841464 0.3398164287780209,0.14990776997895927 -0.06341232935101426,-0.4441565065780244 -0.13088302601507695,0.4256706369808029 0.02730542624087473,0.027212831879777855 -0.04838020325067405,-0.09203500344464999 0.044104116944885585,0.19739497809026385 0.3539361216629574,-0.2975651395094281 -0.2964374545113715,0.026396038648872855 0.3060186832628936,0.29933645722124513 -0.3604599193345285,-0.2731852294640097 -0.433798725427481,-0.11156647513850759 0.47049291617346656,-0.31861403134287425 -0.4948168168013062,0.07814430124007998 -0.34110682146044413,0.4056917096567454 -0.48825767843451207,-0.22712691927425055 -0.05765342283666386,-0.2901580922308361 0.1973936780968446,-0.1726102730611596 -0.2729009668889514,0.2392452205693777 0.00037718069785119823,0.4166187150550019 0.1555268034947842,0.09090947993174225 0.4835322699824157,0.06504733446324418 0.27746506588720976,-0.4583912688967058 0.43580250110273133,0.30801487859723164 0.13196731611555423,0.47348436320036114 -0.4392287550410897,0.18382484785600883 -0.3218467581931451,-0.3936309380482581 -0.49532219922442333,0.47484941167544537 -0.17744293768983654,-0.40261445106743454 -0.15196001326931796,0.2501453070522208 0.18411690465703523,-0.3319394770114079 0.41032595137486383,0.47995331668132235 -0.22337328059507366,-0.1995487801895558 0.3152974271899971,-0.06585009668758013 -0.1597543107331605,0.10834327127360643 -0.18284286286031604,-0.01556170950524316 0.17426615462899653,0.2685397063789863 0.4326279215394495,-0.4817172978856853 0.07703398236813819,-0.38936010353542416 -0.47989591833226086,-0.3585786975360665 0.30819277929439115,0.41837544534421756
-0.4039246976356334,0.0446482369170238 0.2608215992112111,0.3539562696527224 -0.4240969291791961,-0.11818934724766228 0.43887682964117664,-0.28180337646414544 -0.24403626150936825,0.3248236568972578 -0.23390959374205894,-0.44293319065341064 -0.34883384253664035,-0.32142037922391287 0.19688388101155857,-0.0019437394861713253 0.2971461355719604,-0.2453056090951038 -0.07113901579251763,0.1154525384427999 -0.446319089489492,-0.2525971827384096 0.10527327555584404,0.11442052858295704 -0.15217989457486186,-0.08311436993877086 -0.31451725485866516,0.4413341470945872 -0.20483988622969757,0.033940957078914424 -0.45606992599603996,0.4412962119206083 -0.018586294761256783,-0.2348937426510388 0.14934289353764701,-0.21310488616547274 0.024710631456966226,-0.0393919909115481 0.3569596576400666,-0.48753696469313235 0.2832048022674279,-0.1181763525088474 0.03902510649896035,0.28339556853890124 0.1736664806953911,0.2558072987751614 -0.021914100071225018,-0.4840712324392894 0.21539736593214914,-0.3873403493201145 0.4580057967873474,0.30981428454343174 0.286069605446094,0.20697165850369914 -0.3601438772861409,-0.4409081518428738 -0.39976594377581837,0.2583339264326908 0.4945506351004388,-0.49601343646575513 -0.19779508597483214,-0.1972015208242024 -0.0609214323719422,0.3762156002951458 -0.12109260048851095,0.23934657983797936 -0.12206036471550424,-0.3843502961694616 0.4554323867331194,0.10953406373771868 0.012859496892944577,0.48127707155191224 -0.3079696556472657,-0.13714167360006702 0.10088142849548692,0.3832452182322047 -0.11211679625837151,0.4931565354537739 0.4228767556272978,-0.015276430056533341 0.2325329483581789,0.48841264679102636 0.01771483043377492,-0.372668776784588
-0.40519712421690013,0.21370290472055353 -0.27308811584207926,-0.4789920533997998 -0.018213249488625904,0.3006495834557963 -0.1251191301656147,-0.40136491314557365 0.43553888984851397,-0.42524565358058763 -0.3795794394551011,-0.16062313174210419 -0.39554281501139577,0.43897156875181653 0.3930301921703634,0.43527134886565966 0.21552831513048776,-0.395522148536788 0.35616122915922654,0.12241971257328332 -0.2587823210132587,-0.297182850337404 -0.17572009978759573,0.029598204488202273 -0.48970339344230107,-0.12296509931325128 -0.046018306079309235,-0.20920615250982688 -0.4975142061784096,0.10148547950247244 0.3980643029217127,-0.2301478760337864 0.42399977013764556,-0.04153822572030297 0.08738461520866858,0.40181532063979863 0.042348975086129115,-0.060894503096147634 -0.09700936681453798,0.44730761294197496 0.22044153723560944,-0.06606935008763581 -0.3531379035677704,-0.3912984949709438 0.05730719090620817,-0.44406009878424024 -0.230721755729565,0.16935491866327534 0.22270923973957013,0.4582589514130244 0.07090842494527605,0.22611687544516834 -0.4958051479712283,-0.49784084585501576 -0.024732512429175957,-0.34401877599930375 -0.04954283674518456,0.14482391676584894 -0.4662815566490981,-0.3505449196437961 0.2968245778355558,0.2296638919589652 0.2941253102386234,-0.17599994758604487 -0.22245503275627299,-0.17980905860374463 0.4829354188124353,-0.1421206013693055 0.4785474124352942,0.3365661243386022 -0.32002693343571065,0.08430891596203216 0.15602136262927968,-0.1861079327880535 0.48318596707320893,0.1416283797465524 0.19244500002164167,0.17698342996387517 0.2871772892180485,0.360441423611787 -0.14196915727093484,0.26309402522262626 0.1103747837423984,0.03483491754616763 -0.2388994004458299,0.4842551265261712
-0.24311943287679094,0.41418023386335623 -0.29078295810826293,0.15962213164064476 -0.26417026087604134,0.28557220318001564 0.00282701229446225,-0.11876021138900605 0.094844698336784,0.49392045422549924 -0.08129823547833925,0.4621966223353946 -0.3980014123830029,-0.4645902391874187 0.43158352226134833,-0.38172533453930013 -0.4567645328937805,-0.0012976204385319878 0.3562347719136907,-0.46835735897818676 0.28398849710008356,0.28677428579189856 0.11501638420691584,-0.006422759518393217 -0.17224619983068912,-0.03597290878280113 0.25887087434688705,-0.2633977723561124 -0.40627513476175814,0.39908773613836124 0.38745901840581576,-0.04720404833649139 -0.40466200322923385,-0.23182751038952976 0.10292319158894137,0.17867977906947508 0.3992926240641339,0.2012613718147953 0.23026449509086044,0.0531737485282604 0.06775550760322879,-0.40780450799702517 -0.19032671329647166,0.10103059988518248 -0.2097483170257627,-0.40712280711269333 0.3951311241093902,-0.269150620742438 -0.42384598315177,0.21548943883037308 -0.28953773732314925,-0.15562051389977638 0.005049479910774424,0.04608311944573762 0.18591371823737857,-0.38608306479154475 -0.28698786796909403,-0.2735303793614954 0.1080833594377828,-0.2290855560309999 0.3846494138629828,0.4069934704212561 -0.08532510699406959,-0.30509202161062465 -0.3237383645609745,0.04664639766211953 0.30618344552573296,-0.1286271528339359 -0.0948096418301595,0.22086163074655019 -0.07669364029886006,0.33785911398601354 0.22746786366179084,0.412907441601417 -0.11328391671630089,-0.4686601545885929 0.10412889015433768,0.34321400134060354 0.35556569626849466,0.09062896822548838 0.18852673062382963,-0.10158016439382367 -0.4924577193941715,-0.3208888396995643 -0.17041613445532744,-0.15652409120011124 0.48273099444836165,0.47314288944595684
0.3820601209958568,0.4649890365695619 0.06922694372896548,-0.22513423672479138 -0.42689406537757973,0.4610397738194357 -0.35071083604405834,-0.029677872474990763 -0.45501714837199453,0.27492357784103183 0.2597627605073725,0.48135306615817597 -0.2074169576579668,0.28959417892646777 0.40502805302878336,-0.05938316546342515 -0.32434324009888277,-0.2732431490049205 0.17509362581482973,0.3672023642373392 -0.09740050927856819,-0.443910882567094 0.48866382537696845,-0.38706327513968064 0.15464797530494817,-0.0898496184813431 -0.21074918555440275,0.41424329861441134 -0.3688534310599601,-0.4163451590942422 -0.010817667059604796,0.4931185183235187 -0.015490771031010098,0.14764868194497893 0.14539108959312602,0.47576043509643373 -0.06748640758993435,-0.18955895966613578 0.12744024143629135,0.09203500611209314 0.2895871132098577,-0.13329900514144566 0.3828369318674327,0.11536451908306666 -0.039614182097770734,-0.33736674727802174 -0.47224893096005865,-0.31771707975744556 -0.4586774994716604,-0.07537971003065747 0.2935372395032679,0.3683171011860622 -0.18521914111136323,-0.116292714447361 0.03375775586698776,-0.04038856095265553 0.3136902322579906,-0.4288269754841696 0.08003922167954441,0.21501878567723764 0.4298019922232776,-0.20797377018783403 0.20093644574343555,-0.22876924852779434 0.25874766194573146,0.21832922870433225 -0.3969044612293246,0.1723609154394964 -0.2169106539991385,-0.45643014985303887 -0.16670105356589876,0.164465546730862 0.3754961292904246,0.2548110789666028 0.48133026790258754,0.0514852769423062 -0.20652771270645603,0.024676713392843608 -0.09133994609863966,0.33660567233335925 0.20089651766322209,-0.35093853351318394 0.13943017895915527,-0.47357613055680425 -0.2991125649710517,-0.143894217989605 -0.42651528533827504,-0.1982537509298674 -0.19245067322645676,-0.2600698628331154
0.024236035670637146,0.4848353901993338 -0.32508121705465254,0.05871584361799925 0.058629207386523,0.3383364042583447 0.27712207964619084,-0.31933821557401515 0.2000337421880629,-0.41793878649697697 -0.1792128963801981,0.051991299005113845 0.48512089970521033,-0.2722100962204406 -0.1270623723736416,-0.12502621615184067 -0.38659133012622504,-0.29421013273584 0.02346576389638766,0.023020817150509243 -0.3398443165366638,0.2507880050864651 0.3358622732630573,0.28792057421775025 -0.07186673355063533,-0.4110180726959834 0.26232976361755966,0.10824378670589535 0.05158763352395934,-0.3350770853417396 -0.4909909390535414,0.3212945766788024 0.4435121827146714,0.35571975349732116 -0.30612396963051847,0.46809627262320336 -0.15696360504969653,0.26287505389769245 -0.3878579314889805,-0.08138566855606094 0.030080779022828796,0.21262250516735076 0.3617931914704261,0.4848942248513361 -0.1655610389716241,0.4113243152473967 0.2940283535990551,-0.07671733853151935 0.40076297562818153,-0.011128377438245407 -0.21231129498090262,-0.4121191770533174 0.08726878300417429,-0.4407732927001686 0.38044513160520677,-0.4883744820555191 0.20534932421223362,0.27142061613096885 0.18917924382225493,-0.23856208218907388 0.1632265893150341,-0.10726323754855643 -0.19863414050847072,-0.25970875309545854 -0.08776651587682849,-0.2644502308931362 -0.4814438197892128,-0.3688978982718238 -0.45460017506070405,0.4367630027808907 -0.2722069997385679,0.15857684721146909 0.488429690292434,-0.4624885114956923 0.200589564837664,0.38507883533592696 -0.49541900350220835,-0.026538799423646398 -0.4752605624901721,0.10098248752590261 0.03123012443945894,-0.10326108254203753 -0.07386096115926488,0.16641456429360596 0.1475756097280303,0.036545690089539506 -0.2815441316474684,-0.15016875511063382 0.4445185273104657,0.15684286290152466 0.3838264850704628,-0.16664743635261453
0.32966342007502536,-0.45961400639219085 -0.2824168983130958,0.3982119403030545 0.28294257390410105,-0.2178719352033326 -0.2533133805012673,-0.11146516479782254 -0.143775589497532,0.2801611439071018 0.26851671815328904,0.3058745632753309 -0.2893000911917737,-0.3333664328896515 0.4732098870536233,-0.48248240735570336 0.15645138232252342,-0.017139166197091882 -0.28384550366734707,0.26169123388728477 0.19461602874494632,-0.30188954107763555 0.09453646019266948,0.3229673707937969 -0.4136556062906628,-0.11258325274049419 0.3918816608962413,0.06786558208564764 -0.01880939956011307,-0.29625800219135245 -0.4237007871047809,-0.31767591793099614 -0.13024228030234486,-0.31050184930576885 -0.04345375203689561,-0.495079012228572 -0.4059467105519159,-0.43345596442611944 0.009872286008571485,0.00463147982479728 0.11526150232485544,-0.1290296847852096 -0.02049512780582219,-0.13107186421953065 0.1390313915603777,0.4259240981218816 -0.3392011969278206,-0.2138036362903165 -0.028515849709454644,0.1229195510875124 -0.4998038613889755,0.029342752297486285 -0.26534056620746305,-0.49353996510955633 -0.24235692545463683,-0.0006602678097176184 -0.1620736334059908,-0.18704783713680262 0.05737994791897838,-0.43134251888008446 0.43142170459549367,0.36424005103703094 -0.1002182517075737,0.4680625624914059 0.40410916067609104,-0.048015814838348714 0.4865348362073212,0.1722790600504428 -0.2866966349170933,0.14431983888178002 -0.14295741503111492,-0.4195101903932813 0.007282839826021514,0.4378530429223507 0.28127851544702176,0.17316286821439442 -0.02397868838630346,0.23993514924418324 0.3731113610850948,0.24574062566735988 0.1631016348480493,0.11139040210276197 0.4199855665615757,-0.2571181346967478 -0.4438852210148403,0.3824908637001677 0.3262665109473343,0.4089694233391744 -0.15142717198829403,0.08136331923479156 -0.4985748200263508,0.2639367908345809 0.4875299736402552,0.48718885359201536
-0.30148988319135833,0.2575764017044345 -0.3879990951657604,-0.4883824535746505 -0.13500403409151568,-0.46558823177216935 0.45042285213365146,-0.14947268755789667 0.42751675549247087,0.4061035288855954 0.26610407388664786,0.1494342202131389 -0.1762417322140168,-0.26225876383723257 0.23539956669059298,0.415857936353772 -0.3840840842677096,-0.10742766503612577 0.30568145095321947,-0.3575597276708853 0.16589531069893476,-0.17556266095607143 -0.466202797768733,0.24358211398055385 -0.30250583516864754,0.3749421958422279 0.27758215034347794,-0.24570520073196078 -0.040865838766756146,-0.18397866313147226 0.4291080834112692,0.017596758899574794 -0.4899632253565908,-0.31970884943083033 -0.19365863459353544,-0.0028208943215498605 -0.39461400906869576,0.03998492754876559 -0.0017917045411183774,0.16984516531027005 0.0490069536611723,-0.4958462863360369 0.41549392638427013,-0.3580095667241725 0.13174959877725273,0.45175333197636913 0.06497183905671072,0.008075847105955658 0.2213025800730976,-0.48100913861171557 -0.0908700383750995,0.40125570342643846 0.22068199387275572,-0.01660292548129949 -0.40158304106841197,0.15475659585937285 0.13665464244204978,0.2037789179172902 -0.25215246877021774,0.14978140113806193 0.3334629136684883,-0.49368297835631914 -0.16507279470050013,-0.14972141138071782 -0.04680379566260179,-0.0573624601212509 -0.13553231494215096,0.2571406799073267 -0.44123728711269133,0.36239632496127094 0.12138835631255834,-0.36350169234389706 0.014769353557396558,0.301470215453181 0.02714107560200657,-0.3049658563900651 0.32087654546125827,-0.09019475622402573 -0.4858937271247404,-0.16704220241319934 -0.22262274029642098,-0.36789611959712853 0.024937638062093315,0.4161621173763811 -0.4702483994879259,0.4811304846593024 0.294383489281636,0.3192818096022422 -0.3212942429702213,-0.20610371041307018 0.3762852086298119,0.2378393986551125 0.4985335924025098,0.31815389240516767 0.4983817738500916,0.17250493323192817
0.05995691993842012,0.3297826641403441 -0.17564479043134407,0.18729481061725317 -0.16904605683203566,-0.46321516985929423 -0.27566435813506207,-0.44583735307191397 0.3416820834584918,0.28913197265022006 0.16525853892854991,-0.46590282634917457 0.4835858770286454,0.26360132185436713 -0.2474503194651939,0.4123125529681202 0.20775314164421954,0.02742531230328238 0.32661260919143653,-0.134648828081967 -0.16876555003304705,-0.06442555098144598 0.36235148565939146,0.4148512325328205 0.15078292793577208,-0.1804714604057419 -0.48300625636745553,0.3539673556618119 -0.3334746656216989,-0.17992506147222875 0.31755027984773065,-0.4698295856168947 0.4853027090613118,0.38106876638021114 -0.12978886139907442,0.4563985950015581 0.22182117801824774,-0.31748140790207 0.2982573624909135,0.17697663377811035 0.24993361858600283,0.4141807946248214 -0.35159980517836376,0.37070708667555097 -0.025636741671239083,0.1430016721260734 -0.3072795263574434,0.2524006457809884 -0.3868586087465875,-0.0010019556591958079 0.4446411830604302,0.09215426485660083 0.18843924854767868,0.19086080692745644 -0.3488303895749407,-0.3366080389723949 -0.45129820539167365,0.19807620044703822 -0.025093905911900083,0.020723086207571018 -0.06432554730079165,-0.11124039840567124 0.08404237778690427,-0.3934189787344726 0.48982761642740213,-0.4939306232323982 -0.1524872385288727,-0.3231353361110463 0.037697348341880876,-0.19070129835345373 0.40195277563060816,-0.32944857336217015 0.445698117197995,-0.20685091001527744 -0.36417504333765927,0.13115326147425366 -0.023329923928460006,-0.43376621000782545 -0.13901834352279752,0.3189493389290933 -0.47841824572373925,-0.4175021431657703 0.4684663499778925,-0.031983594889683054 -0.234054074892169,-0.23027459876089695 0.097698746653066,0.44928890158808965 -0.437847807699687,-0.13264121059252099 -0.20708051243678438,0.051163218819264555 -0.2765745828977191,-0.0629835227807023 0.32470900019362614,0.020547829614366075 -0.39727213422087304,0.47120631082494013
0.2800637399084939,-0.36147556056063174 -0.45279342247879045,0.11778404139985005 -0.3843835514890785,0.3095010271416703 0.2706581198764398,-0.037320560155863325 0.3014539585427611,0.27904141112670505 -0.2373173805422561,0.38255180727954935 0.17792975705384845,0.17852132357192302 0.06470390885922911,0.21455536455950225 0.0470105623187676,0.4947232395061853 0.0643620996696182,0.3279355621189142 -0.31439756715801886,-0.015027857447908632 0.4597943591218729,0.4531284514838467 -0.1359205898998958,0.21402738916366054 0.49304009407120314,-0.4526052331762999 -0.23419090467330134,0.08510150248605769 -0.039741563710039285,-0.10335297236075375 -0.060992535782063595,0.3344363883694254 -0.09978772934489916,-0.2998510394821426 0.028619570814578166,0.10879796046194684 -0.17109851346710597,-0.07552273141797267 -0.0627651595291207,0.05335285651306071 -0.4431893807588753,0.0006735203000129419 -0.4542573123346297,-0.37748298150940324 -0.41802317196659694,-0.1280934609576076 -0.28197709825851397,-0.3782973692338663 0.47617417536613577,-0.3043967904594351 0.43137496820006377,-0.12956135588701295 0.4872329028551759,0.2535675545215322 0.0290718834631995,-0.2366733996158777 -0.3485996585273738,0.16632604019290614 0.4700945279136451,-0.015432131464253207 0.24959574984312166,0.45252397129906413 0.13285625158663178,0.0632541541806711 0.11806417498636296,-0.40809378828589876 -0.46369018194841655,-0.2348481259585356 -0.30734499099835916,-0.48565281530148224 -0.0630348940534729,0.4452603371831188 0.2829051370298549,0.0795448049498168 -0.15651886879981075,-0.49470560230355504 -0.4084078739369294,0.4573688209938553 0.10528546665541433,-0.12320665902670241 0.18519358386383128,0.3055913336362856 0.3626523832267294,-0.22752816693796712 -0.3140219007452412,-0.2620050972786136 -0.23153176128485414,-0.16623772879321336 0.13357356261829562,-0.26911842906036704 0.20729774854275324,-0.1698356293297411 0.47309294926898354,0.10638796817940993 -0.011443738897705835,-0.3950119797622214 -0.2366718850716601,0.2673806351483556
-0.1075583223155277,-0.041818977774064625 0.46648945660472946,0.4689776531351939 -0.18690626319226328,-0.3068505241527767 0.15468546832347047,0.24008752398455668 -0.2431604578619267,-0.21286916168079184 -0.22737838835245822,0.49418190817526964 0.0428584729889952,-0.04203196518668506 -0.13532885640259812,0.3742479564862724 0.3255931666134519,0.198853185989479 -0.47123347368637697,-0.053715203915220444 0.09181849614382848,0.07345388626124516 0.3197365415711075,-0.2881884407171402 -0.3834136124736917,0.10393457420982855 0.12506167340950453,0.4673085803837609 -0.2664542960215936,0.3949860651409557 0.12691148278725034,-0.1404313771472312 0.23516575648298216,-0.4864284847031022 0.22933081113108084,0.11652957247293994 0.24655761562892725,-0.37924630241283785 -0.13344846617576317,0.13113846704803578 0.454263726718015,0.05914598633416479 0.29526223219095166,-0.09996981572604735 0.34992840489937843,0.3950613431173511 0.070338155332552,-0.43292639138547073 0.4898752565207099,-0.11001522333534919 -0.3472139112169848,-0.12054591226247613 0.4177798386424106,-0.2100182276844298 -0.46797548752799795,0.33213543339678253 0.45009269138244995,-0.3154069907465493 -0.40164715584059923,-0.39043020167266107 -0.4041067973196136,0.43974004697720315 -0.07357032446456563,-0.3146140497452068 -0.03297888878320182,0.4067440261471391 -0.4938186107959803,0.1322583458838874 0.026535559384791074,-0.19969488738691932 -0.2772578262239695,0.12676546893390384 -0.13751572903610781,-0.4575760785432401 0.4243403591926364,0.30454625356001574 -0.3641012448623466,-0.015964105870464262 0.07910360241653752,0.33538708823412067 0.4770998404497259,-0.4882906906724753 -0.01396479344302165,0.06496122103599156 0.21127797322810465,-0.2174101155571313 -0.2602523211474907,0.28163543621643916 -0.20908318697024525,0.03319497245602876 -0.4507057479829321,-0.2061898818394564 -0.29666695208056687,-0.4747823692504234 -0.4179071978045176,0.23859132782849513 0.258782814214999,0.00928163427187323 0.3456405877512608,0.08677193571230157 0.08911832797248914,-0.3045045140250844
0.2619778896625764,-0.3436301592813086 0.17907620894858156,0.4356238343911597 0.46987849589495023,0.38212055054358685 0.011807567951861442,-0.2655552909081441 0.07621732979340023,0.1874675100004024 -0.31150422532892097,0.4864422749912851 -0.16355039292488038,0.06545547183664624 0.48326280693545043,-0.36215251945833493 0.15196673703506247,-0.11480029349263177 0.3739758006586963,-0.05435312407959636 -0.014376289317355129,-0.10357976800907798 0.25651429788182145,-0.0164947479582227 -0.04126418187538905,0.05147955888020872 0.13204853934125638,-0.4950840370650825 0.29648607897170287,-0.1632303763060141 -0.25473002181634286,-0.20727452843483052 -0.3958331437702589,-0.0867467114623357 0.1506447443133314,0.32200489653529585 -0.27020140770526524,-0.04332729083098885 0.41136598274548664,-0.23427593430808302 -0.2185822693459203,-0.3685658143548758 -0.3676153798863232,0.16457275192461107 0.47827108576218835,0.17256714468644407 0.07211434248799098,0.42223333421884246 -0.13310133339919528,-0.20272609645524575 -0.3579393450402236,0.04340000623318241 0.269506873565701,0.22006045339452218 -0.46152619627062064,0.23036728967236453 -0.19556438735795167,-0.497449741756117 -0.15990241308007536,0.3220994655171471 -0.13240038996427783,-0.3080168950085682 -0.08033430850836687,0.46934554669445094 -0.4198991607651743,-0.3066556916159888 -0.46631865925477933,0.3789064893248124 -0.38760709271271243,-0.4293817382381966 -0.4786519709969632,0.07320977925236039 0.30773448500404654,0.4224697900815053 -0.37305697527248316,-0.20683759926886025 0.4811326155351132,0.022270951973056285 -0.0791766019939717,0.154181381901751 0.23533245906964495,0.10707474770461411 0.1264866874149937,-0.2765002968588057 0.3276149167923683,-0.4333489903701868 -0.19088424009839167,0.4443295616687929 0.4990009342819155,-0.17321623773098704 0.07641726795204817,-0.003448568738482427 0.13229172615515739,0.08812626597191031 0.015697561136616467,-0.4064373398156357 0.3845350588140396,0.30483879113002865 -0.09354165829752037,-0.43570065472123753 -0.2617515149645582,0.20497545224821734 -0.35204493415807925,0.36316714575063636
0.3382232995723785,-0.4747083579100193 0.1722751184563477,-0.33816645607744256 -0.1467022859236845,0.08803531516770535 0.15853464869396627,0.22291823374182962 -0.24871628462166495,0.4113384090433472 0.4613979090955661,0.28522188649585856 0.40485806995431306,0.4844410574658198 -0.4364835289763337,0.1676647830929897 -0.1725517392661048,-0.41658169134445355 -0.3191509201823577,0.11616691365203413 0.06396627609563432,0.10617360789666053 0.1922644620620929,-0.030915257813400432 -0.09580821257811112,0.2992422683915257 0.16306436246205935,-0.49017010544886797 -0.1711140506230897,-0.07665409874423423 0.05278964552279097,-0.3719827686931718 -0.48407073780645093,-0.31281259397109773 -0.054275214190235066,-0.4665058126607039 0.3312615654054123,-0.34301347828529805 -0.43812002992926447,0.4861036917936823 0.45426803650704883,-0.25497355569335856 0.41679588669126955,-0.06900108203842259 0.05432297868192082,0.3111560995899746 -0.43582983131640374,-0.49732287232771655 -0.12262503602304209,-0.3119986612328185 0.35747355688436455,0.37252581753526137 -0.49679305876543745,0.3042280888671962 0.3428615674263734,0.19451624768948828 -0.31272571015857886,-0.3103311260238698 -0.29903160004494445,0.23163170193222893 -0.16639495397162862,-0.19183760191763166 0.2932985072691606,0.06412264510827947 0.310180317664021,-0.1489643869275178 -0.13133981495267333,0.19246536209932863 -0.00350532027056627,-0.08228747736310305 -0.287608220391501,-0.1440478181992194 -0.49914476292010146,-0.17813547605137503 0.44658732467735685,-0.36436764574714875 0.2563362486616687,-0.2499668445599823 -0.4449567366599332,-0.06314375510498837 0.0026321796661153973,0.4707481136369499 0.10046272877910234,-0.2371447924991681 0.4675490356581824,-0.4873580255186699 0.11434831476324292,0.4787612825380837 -0.327235994343548,-0.0012034108822196465 -0.16837579756243615,0.4790923314947174 0.17715323190608245,0.35546647344007753 0.39908513204171336,0.04443253988500884 -0.3997158673120552,-0.2330629914809601 -0.36893504332614757,0.35279814488241845 -0.02400651950135968,0.21709520903885637 0.21904030537706098,0.45332979882503377 0.30418656164240754,-0.04301787878750818
-0.1261716511587645,-0.36848462551580935 0.16309176092723465,0.4328652859644841 0.17652150441857017,-0.05886423364266319 0.3796828917234766,0.20230764099817805 0.09163359604071863,0.16475917704688475 0.2856535250400588,0.04353264686524766 0.21091614083451438,0.1591052478483584 0.0208199607233438,0.47854596281302203 -0.18369314796406433,0.06416113118258476 -0.41519327249222726,-0.33411407729022075 0.3119608374200856,-0.4611422282739605 -0.20119714990361381,0.2904425117615517 0.48971258840159326,-0.22634223604402565 -0.06107425084883811,-0.1793030885045645 -0.49713478305884307,-0.14596039121911614 -0.18049260952667623,0.18279534430993455 0.04934646179687685,-0.1111649045768594 -0.3497465238216788,0.4292263696794418 0.3944556560781777,-0.08516291264604475 -0.4015100773735074,0.1555931742583339 -0.0017150036372842736,0.2631160154742845 0.10180259680036552,0.3397894992643757 -0.4603040276645358,0.03182709511570342 -0.17593052801646036,-0.26417008828917615 -0.34453102604163577,-0.17921392068338365 0.0819513599822348,-0.47370413144635676 -0.12855931419938582,-0.04866312896880315 -0.13598458631854538,0.3939139330099571 -0.3023101833586188,0.2216964153121606 -0.004028893698935887,-0.3529752251670181 -0.23093254863900103,-0.4588299265173877 0.37068069216900934,0.4890102728269375 0.14297108815587078,-0.2638719208111499 -0.2395515400988213,0.4663132441254914 0.2911733322291553,-0.09441303945442431 -0.43351480505814033,0.3379534323067284 -0.08928652149868377,0.12417321503167073 -0.45244027807285037,0.4625045327146317 -0.2304910356341907,-0.16325901801498827 0.49002971727097544,0.33310688758050505 -0.01343145624672315,-0.028691133779688294 0.14179471770334418,0.0552560579720342 0.4498859247513368,-0.3978962347322856 -0.27245933403861433,0.0017115994785928401 0.2622075898540658,-0.34271494916092343 -0.3063479126807883,0.11744766542927981 0.28071191040302523,0.27795390717359875 0.41583564733172607,0.024203227294996188 -0.07559286360464101,-0.4731206772008885 -0.46005417567965734,-0.42931938021043853 0.3559483098360111,-0.20835059638819237 0.4696248684112482,0.14210050246756473 0.15265367368931948,-0.3751264447953953 0.19261314834339838,-0.16055348197277147
0.009587530681415712,-0.02767732488945418 -0.3465483272038251,-0.16170230775638106 0.11711100062965696,-0.0870618237131594 0.11384293441244275,0.2838499097031857 -0.20528031915925637,-0.12810386084580372 -0.3818267400473956,0.23459611613610687 -0.10168587566242326,0.32745863321408086 -0.47877838115786664,0.4489762549269447 -0.20988268919873299,-0.38537805515567813 0.20462574862102811,0.48367668893769766 -0.45651439522638027,-0.022284511998041823 0.22920428479838317,-0.49216027671363927 -0.36094341804637176,-0.37932712858246365 -0.2329284517445056,0.28368537123239124 0.42031014918560206,-0.3571047952222157 0.48739702964559917,0.38683641899610177 0.35117280065121315,-0.1182139417390996 -0.09070683492962339,-0.36813391958043684 0.02432302813983034,-0.41506348700709406 -0.14666742234552588,0.48945050528225376 0.38097399700199297,0.03709056242478859 0.48263241751432806,0.11300253114843473 -0.09759369510914695,0.1417162671268124 0.14247071943915413,0.15573692208012602 0.3137925940398161,0.3899666905972009 -0.008889972459837248,0.4938709640528801 0.31747877664319957,-0.29537237187477394 -0.1325586767856084,-0.04638656448432632 0.425006576966407,0.2775003129943461 -0.011394159380192392,0.23864016612820238 -0.3188179399612946,0.0903397379573484 -0.050856394218713685,-0.1255401552465416 -0.2968663642784729,-0.48304001141456754 -0.15163860070323543,-0.22262456093906802 0.24440515738560564,0.1872341544290893 0.08733476591552192,0.06327858593552027 0.060643107561813014,0.3844896888357281 -0.48585706102065607,0.2426232080055012 -0.4750781808573782,-0.3798660539682005 0.4336890954027871,-0.46511460750866407 0.19784040555579585,0.06826250630836528 -0.3461056185987498,0.3444673238848326 -0.1970003823472285,0.1208637903842853 0.49395882550738257,-0.1150208133024534 -0.010326947808404707,-0.23868832833371323 0.352666335743961,0.1819426382438406 -0.30207402057395727,-0.06708112011104517 -0.2550670355645742,0.40520390972682885 -0.33796467287086573,-0.2679269118816051 0.1445695750127458,-0.3155531457655466 -0.12498540395671154,-0.4969996934220945 0.381375120801149,0.480671704708475 0.1997522390956633,-0.1727449752173582 -0.49247217312865876,-0.48548396196141896 0.4911459379931018,-0.23577685476652732
-0.2227437911843697,0.22514812829028952 0.3021655098062106,-0.13095123016982435 0.43400872921380784,0.30051617576079037 -0.21398878411571798,0.02011204270575795 0.08463184846877725,-0.05831239500323104 0.25953991319323,0.4771192917382593 -0.2940970064841383,-0.12244531365048228 -0.47284701477220226,-0.41624467770384377 -0.05952268387264048,-0.32666885786707145 0.3201989243945851,0.2585962698651195 -0.3817599550120959,-0.3318925189559411 0.2105875125934461,-0.41856525239480924 -0.024907339109421223,0.27659713933417873 0.06925282892288664,0.2301973775638445 -0.11869102096194795,0.491079729480733 -0.42999980814097627,-0.0868512521835002 0.4803356319855603,0.17536461034260797 0.37930411516124496,-0.4435518947655013 -0.19176073400963012,-0.3461920555883513 -0.4873815851337453,0.25700046535808985 -0.3994954409332446,0.17740072216919045 -0.3120768231297708,0.09263490820861597 0.2563804735200311,-0.32885952241409044 0.37250022984495235,0.15862188255370058 -0.05656879911809831,-0.0696923037451116 0.16888774937308115,0.4061955673477097 0.37904323366183157,-0.06050219029731474 0.4791600606178352,-0.4876384994195301 -0.40945114533668714,0.3494859644606322 -0.19107055562069142,-0.4920866206507739 -0.044188759181641,-0.4528951875314995 -0.40608129282215844,0.4953806177879033 -0.16751980397691746,-0.13438214203184284 -0.2941406072068763,0.4601512622769611 -0.4984430311074286,0.12523373622005618 -0.0416388533425196,0.08136289653954931 0.4190568206021471,-0.2582199874296772 0.27994678166537856,0.1172530032769572 0.105220039974668,-0.21186082240426152 0.3587213855420972,0.4268621444654125 0.47649303814412847,-0.11978707727250582 0.24852035642153825,-0.22101725270206551 -0.22586003717560088,0.35766136585138253 0.1922582289013559,0.2531535783647645 0.12037244194106933,0.046138377859570645 0.24333412200525173,-0.025585904050912878 0.468871529588501,0.00026849432080633395 -0.49482513963280395,0.43231412150867843 -0.10879661018973841,-0.23798132781607217 -0.40920500653730896,0.055702551106017184 0.06917333124749192,0.46751254437471923 -0.29426769899525107,-0.2500972409071277 -0.16818923883637737,0.11270487125444162 0.061751474925074046,-0.48478572718057067 -0.28723658262592566,-0.45615347306153475 0.4670388368497326,-0.3545491131892917
-0.0864942920393662,0.42236293033055883 -0.3339278290398119,-0.19320383564417598 -0.47225453128740713,0.48496097718243514 0.19811391533204048,0.10564441400665825 0.41033844321562296,0.2073845774375508 0.46845827241371274,0.3065654297416951 0.2162623461547808,-0.4478421964966883 0.3534080896370614,-0.07013611538797326 -0.49456107350179535,0.21972863830100386 0.4744450581773605,-0.12142863076969002 0.4275933754366268,0.469863300596258 -0.16657103613834456,0.04995796750292658 0.027053595302797606,-0.17067671791305128 -0.02399004574018926,0.09660494773242545 -0.47203427357612193,0.3556194839830834 0.24147710669427447,-0.3438815288303073 -0.2910834183752422,-0.31267180998552513 0.27600236205947193,-0.1380388713487557 0.399745930397606,-0.20958551000924364 -0.3360831618056316,-0.45468426794605366 -0.32716496355040525,0.01609550364286505 0.09403215696865297,0.1459866166472379 0.3448357423721997,-0.3921324918309552 -0.4706392213958527,-0.09513694813874318 -0.09311384139219847,-0.2891597674368671 -0.22382648244459502,0.400516173456144 -0.4868929935769313,-0.44681869865796564 0.10757322456852447,-0.005932957700592767 -0.17989229584720257,-0.15741594971414463 0.30101277141937555,0.16645260672692508 -0.16953311493730472,0.25866575470879816 0.04833815037595168,0.44767907619562164 0.3122806353223414,0.32941514522286386 -0.28679783644805734,0.21521504011166614 0.4806939764892635,-0.4109624096502217 0.20768137867579262,0.36544538116315206 0.19781705664334803,-0.054583173579070166 -0.36429583976938984,0.34886913720641843 -0.09470705231569143,-0.4189076733800353 -0.0705633295398077,-0.0703035078599974 0.016777623243987017,0.2158233036590701 0.12165302471071682,-0.23263801785496574 0.02575085471013283,-0.487279099343931 -0.2938615485393268,0.48141543494974504 -0.401900555774688,0.13282641434346043 -0.22521474523848595,-0.41058488248150715 -0.4551904504708949,-0.3050451467918841 0.42742488775048526,0.04067372719058271 0.11559611849834572,-0.43304389324261106 -0.45734047471328776,-0.19843730537491444 -0.09851066874324599,0.1637965938914797 0.2752113412102797,0.02232919305556813 -0.027722545324176395,0.31129627841456753 0.24056478639688383,0.47794425467666823 0.11656180452418996,0.261485800374339 0.42531295904302413,-0.3192672293086748 0.052150633780596256,-0.33082546577323113
-0.42501421205648804,-0.39681486340688554 -0.16573236910591072,0.4971614461849502 -0.11482044638226707,-0.41519739569021263 -0.49007715429116805,0.38030355419523576 -0.10820591603273833,-0.10386810551162906 0.19207724881867638,0.15561373789539745 0.12659822900792483,-0.40978533054135813 0.3707877791634314,0.13299844563833407 -0.32927164431358114,-0.3620789320365063 0.2110925698639522,-0.30907887821902824 0.3789471364348397,0.3293493715513073 -0.1808252456499716,-0.23152586920090257 -0.3523745387614725,0.11509530920242805 -0.01993707023093083,0.20996160090084381 -0.39738398555707677,0.2981474461597827 0.4929312177975048,0.2979588664505848 0.1800198189595652,-0.20788037374807722 0.11889105743506867,-0.10094987335148553 0.4753089725370463,-0.15856179673873771 -0.18677998205837343,0.3174013475304688 0.385849398378182,-0.2871676835061261 0.48954599309440805,-0.30142612063844154 -0.013473101218555938,-0.302514963331567 -0.004342242479006164,-0.17075719537780243 -0.24185435436102687,0.1987199697844121 0.2680104451206743,0.050154212257786934 0.040776114831339805,0.1208364418065524 -0.41864062428047666,0.19487936935836314 -0.2663445985883952,0.48188664814216553 -0.301375212050388,0.002927581041619831 0.015517962536623964,0.4150950922779555 0.14572602263416135,0.05071063028423772 -0.4571955644087423,-0.14352826418395037 0.0806819498312693,0.2584937349110079 -0.22025552003119087,-0.3383230098289044 0.1510893461140197,0.40912431074984346 -0.4923861378570915,0.055630772573641574 0.45557083434831513,-0.46233451782506374 -0.2739336263232375,-0.13593473958693347 -0.23401947035800363,-0.44398018154943275 -0.00817502497869016,-0.06753164512797016 0.23498216372866543,-0.11133781249649932 0.20038864321840777,0.4959407932652349 -0.16484079786001882,0.06250271705734856 -0.437356017873351,-0.034526878016132856 0.4923960875354898,0.06131060343659389 0.012531407006436734,-0.4646410713707958 -0.023501040830052222,0.03849984159671194 0.283438414206582,-0.22230025871604508 -0.28223647513836925,-0.24263343875922205 -0.14193690475537057,0.201137732512371 0.47240984768121275,0.42853215133081546 0.22053533597673924,0.3040048145326867 -0.4020108092671897,-0.22625734145540688 0.37269153259905863,-0.12055981539713245 -0.43937444305612594,0.4881696005580508 0.48417081558660646,0.19869241238976576 0.2407081857090585,-0.4797441999642553
0.20582967322755252,0.3091744836809041 0.0041849808156319,0.29536800546743774 0.456073862013888,0.16333407001542338 -0.32606473407246106,0.487192526988617 0.4775634741038516,0.03303109191438974 -0.4164097016791447,0.1747059967735642 -0.18000803199014437,-0.03337920063149363 0.3407222245734862,0.22398547482754189 0.46886647178712315,-0.4887114130281825 0.4319306955369888,-0.31329358834552207 -0.4672138388454954,-0.2587134073814739 0.34168605195944945,-0.020797886373654706 -0.2919687848950353,-0.06877448630929911 -0.1455113968254773,-0.32782095678288864 -0.3815237610700002,-0.1764162888368453 0.1144314041830311,-0.3224960738875347 -0.4491374298189612,0.3569959877090277 -0.4293704322176606,-0.3882943612699305 0.18286988216436306,0.4370938682429441 0.4348580259479836,0.3080192952402114 0.034549259941569765,0.07076009350865736 -0.2443406300550277,-0.3102610444288039 -0.08177853141390123,-0.46119083564686164 -0.4635212798723847,-0.10050871363899078 -0.48940967863788665,0.10724686789056276 0.1737547671276065,-0.15299211399748464 0.29573996407727243,-0.12768758077737224 0.06375995988794869,0.3827869064637555 -0.17883976448853323,0.25733905033248156 0.40845837397793505,-0.18230361267612066 0.13829229743117755,0.08069947948860196 0.3697233204982111,-0.41847851535798314 -0.26679973465674545,0.10065930857750921 0.4317129038615486,0.4156414854256924 0.2933417456798111,0.46466190464613183 -0.09810988877939653,0.14039702846637953 0.3415047144663217,0.08981093106506272 0.2029314421607733,-0.45661965973826163 0.4656980931426118,-0.07953872121743605 -0.25501292884460536,-0.17140722511579093 0.24285830407268005,-0.2705217872483367 0.03999985499853964,-0.23043348332648522 0.18024906366889415,-0.018321578663243743 0.022169385465799718,-0.39917775317156995 0.021353791909530906,0.17085862563293025 -0.09680627521486018,-0.12904322097244775 0.3139962145604064,0.31908610560973544 -0.08067895950807313,0.23762757877665824 -0.08460725280000947,0.48938244174410245 0.0597167823027297,-0.09124969532329469 -0.37175800013360905,0.2694922072629588 -0.34357901784520184,-0.33189907796746204 -0.03289422563234812,-0.03570498031770558 -0.3239150251419174,-0.47153761903502506 -0.23105319154680637,-0.4294370399647173 0.10127007794318021,0.24960700124498342 -0.346584928691679,0.3894453307967625 -0.11895762028706858,-0.23315550192536222 -0.4642420185234677,0.475764275564544
0.34261257244426835,-0.10233996614612562 -0.022153969890011505,0.031045385395722103 0.4254449746427892,-0.4634133787603928 -0.20197785450472583,-0.14670938151682245 0.42726440469439164,0.11986318010141306 0.35338002039146466,-0.2314472236378463 -0.3173569038203389,-0.38283013984147163 0.1288618232191816,-0.4213048264434257 0.3412115200824656,0.3697435943571862 0.20142242651344766,0.05273154429754057 -0.051024598922005615,-0.28505421440741685 -0.19139347788736338,-0.3228882773389389 -0.11913785879318306,0.09502330409011106 -0.40203606263435465,0.19840850523566433 0.46584096425546373,0.4688820064946946 0.18962963836325653,-0.2840793262470529 0.09284767201958133,0.1769508380365975 -0.3698283241592457,-0.48761934748723834 -0.003523759057793896,0.38599895698360354 0.3278195329695186,-0.4894490253550543 -0.2654066793239691,0.4372665992792977 -0.1755749992067932,-0.49243124181891507 -0.4598894096572904,-0.10251548261777921 -0.44796420666670944,0.0767896734748339 -0.25604637500147076,0.2767695226074709 0.2259778754256374,-0.4316143794867683 -0.3804150698266968,0.3615988589366198 0.12172287279221106,0.47075694244648547 0.05623132090066496,-0.12385205482729367 0.34156095791732943,0.010171360557262865 0.2966903403894039,-0.33020509131382925 -0.20521806069072412,-0.03739462212471334 0.4442570202512818,-0.17376461208285687 -0.016676518508577765,0.21041933766553855 -0.47991267169355944,-0.2445541615723572 -0.2603925409251462,0.0971722522913856 -0.059717003761646126,-0.12068986669186521 0.3234486562965405,0.2563790748184781 0.47224423000911186,0.242096063877837 0.33514581891804096,0.484367799753601 0.43220266733972157,-0.3544630233225906 -0.07706429266959958,-0.48696980728334616 -0.3737500858452968,0.48466712246002797 0.07234156594510177,-0.3301745955019818 0.18851674471073188,0.33051157958430877 -0.36439503885648883,-0.03355902720101589 -0.10646821280894281,0.2865746022088308 -0.28401958463411003,-0.23818401095236197 -0.46361678443153487,-0.3586295562236813 -0.0970046389681346,0.4912523465904449 0.08811242897835114,0.07970124547502733 -0.4709358855205291,-0.49114066793951205 0.2249524628470524,-0.07722808979850715 -0.497380282008168,0.33435800523059533 -0.15384865974464357,0.4108752729793347 0.29302327297379716,0.12369267206542511 0.24717848592510572,0.41992453809528063 0.462123997801295,-0.010446066409894761 0.1253561642833546,-0.2016651191244383 -0.47329262288150875,0.4726243980848779
0.08275413280633748,-0.2646659470438122 0.36993005084378083,-0.34467229809142996 -0.18843286343238952,-0.49314061696350253 -0.4511886561992986,-0.08739309322723021 -0.010355352690083364,0.06687750997132969 -0.036090663685269475,0.35543994640874754 -0.49191221073226876,0.10024849598268559 0.12337939694622024,-0.12999806276172388 0.4988794469528445,-0.03166877508589361 0.31181035289112324,0.11358555540918813 -0.22004875716972894,-0.34476632963291387 0.423599727443808,0.1302663511158938 -0.4347538995337282,0.32244693615826703 -0.20535207346936646,0.4008463505599935 0.4954401654377062,-0.3780786155778223 -0.28496822474349137,-0.1990141463399363 0.28495378078701084,0.4386918134311738 0.2865275054033276,0.2538798373377128 -0.37548704968523083,-0.43681809377577874 -0.053065613866678185,-0.35397963211639805 0.4148563267501949,-0.4739577145464996 0.4078706732091999,-0.08151512184294474 -0.3497399609153903,0.3928036430716274 0.29659941084571473,-0.4757738204226165 -0.20158918146859206,-0.1209475284569469 0.14271529753301992,0.268130221033126 -0.14276081395074147,0.2941066321471518 -0.4334602766292823,-0.335256032241392 0.07937034511030183,-0.016779200983010112 -0.046608537160284014,-0.19551093711365297 0.23095374002257463,-0.07125390422842504 -0.4338661728220511,0.22587918750326375 -0.4821336374514602,-0.21589617088783342 -0.24112782159890978,0.22234267039559374 0.20655550358890762,-0.4377308879426385 -0.37644252499797837,0.09719949461131361 -0.18016503214065516,0.12323503260116564 -0.3527619265963601,-0.1296733812988592 0.43272017574956767,0.23235187707475635 0.10155781058539848,0.3754187917967906 -0.2770118609718475,0.4896695564585303 0.20753370886533784,0.11531082432970208 0.43643631627493484,-0.20065284585271137 0.2874118809651277,-0.22873254063191029 0.07987027187029061,-0.48221325647130864 -0.10127765844486636,-0.051975344731138295 -0.22002957593290406,-0.0006989214810950717 0.2367467118376657,-0.31450269628849403 0.47739842324055015,0.46852417309190864 -0.08212332464169436,-0.4842325635399244 0.04249390782011142,-0.3732615619284688 0.32439363411844924,0.002444667529639344 -0.17251170718444642,-0.25663210781061463 -0.4497728232124567,0.4287478065896415 -0.3414362609253109,0.19420817442613192 -0.0334070437124413,0.2554122597503343 -0.278313634144564,0.3131136049008735 0.09169337320641358,0.13124694636676237 0.4559253286694145,0.3616152946282599 0.23248553136525807,0.34185676016650046 -0.11466779103081837,0.49549173446886274
-0.2729733285642051,-0.38573277131111977 0.012614304095114437,0.4144334524378169 -0.4402007708133532,-0.4231711963742623 0.09405972870443147,-0.3611970410314112 0.46010295667089673,-0.1783303343585167 -0.33044868574959385,-0.2412998165723182 -0.4282753502539399,0.05617331442256973 0.31631117801735664,0.029942272048142538 0.015314208044321598,-0.24742568373365176 0.12306415831255446,0.02530769232547686 -0.11774179803796225,0.3672613511029948 0.27110355008246045,0.16535097291032624 0.10676584700521075,-0.20896977372835662 -0.20472249363444506,0.06970091164986875 -0.43236275260442436,0.324543067687123 0.46161180836215254,0.016124795534688652 0.2180553907809495,0.29253427846431074 -0.24769015793296767,0.31784992843929877 -0.31442734625463675,0.4126570040224134 0.22832078061183936,-0.21318385427589964 0.41308500346665056,0.46954093170194805 0.32739259818601396,0.32715146748190554 -0.30431782828144716,-0.03966521124515149 0.15108006254163175,0.13497469747143104 0.24158010887037662,-0.31523525774372513 -0.4340935897777276,-0.07729960166855437 -0.42404674891315364,-0.32823889034950143 -0.15384728793526004,-0.33872981786438644 0.019439446403945793,-0.04648846355768815 -0.038581994533777086,-0.16019434008368644 -0.06931107021590788,0.1212602740818442 0.4631750494445054,0.2267638819700582 -0.3562080830709218,-0.14544947543238024 -0.23658227748877514,-0.1415552113329987 0.39483278056091176,-0.3193740746429005 -0.3004696187646613,0.16000164087996432 0.3645241967162598,-0.20830436734652985 -0.40725709938088095,0.18626294633423784 -0.43340664548670405,0.48953336155699007 0.2844641970307976,-0.44252779834285844 -0.21247531017089483,-0.46173821862061754 -0.1229659582376742,0.4787988456763454 0.20676356239427718,-0.08497870636856347 0.180049480656151,-0.41934127558117434 -0.0649555008642001,-0.30147250088057304 -0.4884718751220116,-0.23941930180990018 0.1737437279997589,0.49894149429866924 0.3122533999703241,0.44413808816799244 -0.09708487333987337,0.02954122551032118 0.08830996606917974,0.33043065494628615 0.09835132256064871,-0.11011241115334242 0.04385879021356631,-0.4603129579805915 0.018008401970764032,0.2463628912108034 0.3925370358245184,-0.4476388408658751 -0.20011398948135228,0.19724193926526773 0.43817181784150583,0.34212441973178426 -0.1535672834064632,-0.07861016682550231 -0.3346225358062489,-0.4632815486010086 0.3846723153706004,0.16893106680946818 0.38897564768908177,-0.10223262226112945 -0.21298902373914053,0.41710872367003565 0.141618455393845,0.23052394013378624
0.49595138213306367,0.06273969455477268 0.23029010699794605,0.3543803130592148 -0.3428566122433935,0.08779365265238037 0.2257201542080337,-0.14825704162572728 0.16149943875872907,-0.04534814335564852 -0.2245326948863866,0.42772102294118985 0.40297093924746097,-0.17781606507738745 0.2762661611950499,0.1508204428547527 0.013779393871164114,-0.05873171228918994 -0.2206092118164783,0.26532642294539777 -0.12734808721643387,-0.3542535761698439 -0.05965049408553291,0.07249110289789296 -0.21131341212663857,-0.2707996842293229 -0.2718178378989434,0.15787157617241188 -0.2813516680516971,-0.09586891297047806 0.0632344698056051,-0.442118075580175 -0.38082280109324484,-0.4547759245796301 -0.053635678679522125,0.17112913319182976 0.22919218221197835,-0.33435698261640423 -0.18251196131925673,-0.0403789768283882 -0.047220176741992304,0.4551603741889336 0.4180428884857995,-0.02683439743009952 -0.15288501271421817,0.18959955250615868 -0.4324951693139031,0.32469060612936496 0.46028807525313853,0.4986159815619985 -0.3967107224509153,0.18531077961691467 0.09059027492704796,0.03430991373224079 -0.0291621319253903,0.31453626573690363 -0.47604742954293766,-0.1952117523353062 -0.4115297388043099,-0.12299411127315163 0.09649660335106525,0.27253075745538746 -0.14498782288594547,-0.18595931650183084 -0.47371081544873006,-0.3779207179056172 0.45894288890327006,0.3039719194498074 0.1398883115025894,0.4575049458643904 0.28054336006383807,-0.006352339763271764 0.07120973864142233,0.3816650565494252 -0.474960363357921,0.4863587315171367 -0.10283426644150251,-0.44972667557781587 0.19930607842208936,0.21865080648146085 -0.3376037681723133,-0.3473574482168177 -0.18335896153660514,0.09397739958621543 -0.3405163315337498,-0.25079445976818626 0.3506107856117008,0.45082900676241333 0.4785770438349811,-0.33696144071646084 -0.20364688017860522,-0.4347715346596095 0.1497192239704881,-0.2497659282433189 0.026965447123367015,-0.22168583770782924 0.37273634679980905,-0.3302929578625524 0.34468603565466915,0.23253426516579745 0.3098434018494043,-0.23876131528233624 -0.31324549672894997,0.37959735591120347 0.44586944955002605,-0.4420555481972914 -0.03263479715839801,-0.3780935613971983 0.1413896592712578,0.12598075621687232 0.04669509695842755,0.1780909668506685 0.4939283775119614,0.1726098848309291 -0.45686918063008497,0.09135917593491305 0.36753240124871345,0.3509996917943897 -0.360715290446352,-0.005530008978827494 0.22923046285112714,-0.45618740427916205 -0.4972947171100893,-0.0717301544592317 0.152883352325216,-0.3974655492352708
0.20259444232802004,0.28748410360762766 0.3570962496608959,-0.33692632034142467 0.09068333320818955,-0.2065466056730072 -0.31329326209559194,-0.3907082404833566 -0.4621813431772446,0.18831560116724233 0.4284206856099829,-0.4779851596646215 0.026002273985232804,0.463537998236644 -0.3334336412215624,0.41979279029106253 -0.3182034241358055,-0.02331953698494238 0.2942948536489498,0.2624038693230307 -0.2520935077591535,0.15823443575713225 -0.4017930541387449,0.28831325856453094 -0.06072766146370623,0.11852993752771113 0.33670882302414384,0.49872876241979025 -0.18013112055108005,0.47260099380712384 -0.4637680215967547,-0.35616006736678585 0.21711363796035177,-0.4707167455865334 -0.2941710927688549,0.3013920299296621 -0.05985486881046764,-0.2936563890104935 0.17149391462162267,0.04003218388265284 0.27350474400930225,-0.25992497139892856 -0.1818905847143355,-0.2625607288289078 0.4700268943509208,0.11741224699194741 -0.2891300531584262,-0.21587382131298627 0.16286745436839323,-0.30166868416926096 0.12482753575013594,0.3440068167517947 -0.19640641747039023,0.07847855301501072 0.24514979043423268,-0.3785664132963026 -0.07266042362621816,0.39147522316248373 -0.10719199473294105,-0.4462335703414153 -0.462999467958792,0.0360822813039946 0.4012131880074056,-0.15578182866700474 0.18192606812932433,-0.05484251217580616 -0.19849694133187812,-0.043447481160553414 0.4472903484171067,0.31930599908299273 -0.43857660713379387,-0.2374208092929474 0.03673653251748088,-0.1177500054302919 -0.27861280565904434,-0.11287825768277349 -0.4911367778536594,-0.1367794939865573 0.2672923472533163,0.132999993598932 0.2959974968995288,-0.13532542676282788 -0.3701797105186536,0.16067897145823384 0.1743448694696611,0.442447054616411 0.3882834869699785,0.406707250447239 0.059019977235377885,-0.3975739238880147 0.07977446394124732,0.00852416120689492 0.3773887515437562,0.01474027988167903 -0.2474457741456989,-0.4857594828040035 0.26205193784069136,0.3659466803080078 0.06259844461514419,0.2639405708599971 -0.15771319759526026,0.21386541347401966 0.08854460540606601,0.13742670227288234 -0.4352508138644029,0.46086500787548357 0.49003291128319737,-0.266690858218658 -0.10619866279637835,-0.17971735825748625 0.31048883649738523,-0.44656532608044686 -0.30022790280703215,0.07532560694303214 -0.08937470659099034,-0.0493637483839946 -0.16852127277431728,0.3787340078580146 -0.01186117983721069,-0.20262165485709227 -0.44608949953526555,-0.49443568267891036 0.0008621469910212731,-0.4976288917411664 0.37012997994052155,0.16416411080373794 0.4948547659050714,0.4229371001005068
